# Created by Octave 6.2.0, Sat Jun 19 11:36:02 2021 GMT <unknown@New-Sunny-Laptop>
# name: y
# type: global matrix
# rows: 47
# columns: 1
 399900
 329900
 369000
 232000
 539900
 299900
 314900
 198999
 212000
 242500
 239999
 347000
 329999
 699900
 259900
 449900
 299900
 199900
 499998
 599000
 252900
 255000
 242900
 259900
 573900
 249900
 464500
 469000
 475000
 299900
 349900
 169900
 314900
 579900
 285900
 249900
 229900
 345000
 549000
 287000
 368500
 329900
 314000
 299000
 179900
 299900
 239500


