# Created by Octave 6.2.0, Mon Jul 19 22:42:43 2021 GMT <unknown@New-Sunny-Laptop>
# name: intensity
# type: matrix
# rows: 20
# columns: 20
 0 0 0 0 0 0 255 255 255 255 255 0 255 125 0 0 0 0 0 0
 0 0 0 0 0 255 255 255 255 255 255 255 255 255 255 125 0 0 0 0
 0 0 0 125 125 255 255 255 255 255 255 255 255 255 255 255 255 0 0 0
 0 125 255 255 255 125 255 0 0 0 0 0 125 255 255 255 255 125 0 0
 125 255 255 255 255 125 0 0 0 0 0 0 0 0 255 255 255 125 0 0
 255 255 255 255 255 255 255 255 255 125 0 0 0 0 0 255 255 255 0 0
 0 255 255 255 255 255 255 255 255 255 0 0 0 0 0 255 255 255 125 0
 0 125 255 255 125 255 255 255 255 125 0 0 0 0 0 125 255 255 125 0
 0 0 0 0 0 0 0 125 125 0 0 0 0 0 0 125 255 255 125 0
 0 125 255 125 0 0 0 0 0 0 0 0 0 0 0 255 255 255 125 0
 0 255 255 255 255 255 125 255 125 0 0 0 0 0 0 255 255 255 0 0
 0 255 255 255 255 255 255 255 255 0 0 0 0 0 0 255 255 255 0 0
 0 0 255 255 255 255 255 255 255 0 0 0 0 0 0 255 255 255 0 0
 0 0 255 255 125 255 255 255 125 0 0 0 0 0 0 255 255 255 0 0
 0 125 255 255 255 0 0 0 0 0 0 0 0 0 0 255 255 255 0 0
 0 0 255 255 255 0 0 0 0 0 0 0 0 0 125 255 255 255 0 0
 0 0 0 125 255 255 255 125 0 0 0 0 0 125 255 255 255 0 0 0
 0 0 0 125 255 255 255 255 255 255 255 255 255 255 255 255 255 0 0 0
 0 0 0 0 255 255 255 255 255 255 255 255 255 255 255 255 125 0 0 0
 0 0 0 0 0 0 0 0 255 255 255 255 255 255 125 125 0 0 0 0


