# Created by Octave 6.2.0, Mon Jul 19 13:11:43 2021 GMT <unknown@New-Sunny-Laptop>
# name: Theta2
# type: matrix
# rows: 10
# columns: 26
 -0.99357105623997821 2.7063262073747278 -1.2211316652783204 0.14217284119030868 -1.5035588227485641 1.1961701824406383 1.8248291412590811 -2.5709959592734313 -2.1183215537662705 1.8070711388341636 -0.34092608806367958 2.2065878358039983 -0.52072673133042136 -0.28456439295874497 -0.94519519667231799 -2.4023927978164386 -2.7056429114577485 -0.82626938494629487 -0.24948366213421877 1.9483296415780742 -2.855323803209191 0.084220609679718728 0.81919020917072571 -2.116628746335008 -0.98224101385764373 0.65568820437579878
 -0.92931809826021117 -1.961884695360979 -3.0699921136297355 1.912299928974259 -2.8996090946773627 0.78215474961429188 0.46788422177294353 1.8469241004949153 1.4665915908412128 1.3914200456668429 0.29958707930393175 -0.66502972498551405 -3.2861356346582742 -3.5025633249300387 1.4561665044287457 -2.4625689765895102 1.4647247494738866 2.0918471027179164 1.9713129298264225 -0.67238285208983561 0.81693933144576625 -1.193711475304285 -2.9948053111938031 -0.54031087616673956 -2.74593230071619 0.568160135217888
 -2.2025468422440029 -2.915565067955936 0.84986599263556828 0.07948961185455744 -0.92723451687055058 3.7163392409566876 -0.32329971115965234 0.66080652719437205 -4.0631958629928793 0.10110744534686061 -1.8931941087606272 0.40149011318843614 -3.7240270506265034 1.0458892918925857 2.9312270515223831 -0.089618384573499438 -0.38035549865808321 -1.2397030432214664 -0.26624684987927105 -2.0855205880898362 -0.92494891062641127 0.84151653914916535 -0.026567050456944748 2.3810471499041732 -0.36252250026867672 -3.3773480916170433
 -0.62960335321862038 -0.067864338052529824 0.16248279489851256 -2.2259647829728699 -0.69036464626201011 -0.74157360710717468 -3.1825982951369034 -1.0139647340001439 -1.7149079192604724 -1.7050979268988629 -0.6850651678762395 1.203306670559537 0.67052278952700128 0.89262284281544746 0.69985687713305478 0.77569820073467721 0.53104506861491774 -3.9193435319441878 1.2421363192777473 0.46792027688247323 2.9384243220145607 -0.94438482670299462 -1.5999435834538969 -1.3908376679581136 -3.8036580332597927 1.6889248860963026
 0.12516865135566849 3.1827309053939339 -4.1022071390969002 1.3340607677869647 1.7879440864183354 -1.5665353468025149 -2.5315803401945067 3.5736913646914332 -1.6393556724074358 0.30235537529733775 0.41664021323787354 2.00838416896412 2.0756432789721067 1.0437629079224311 -3.0460945445628123 2.6340899259676434 -3.2091342265608764 -0.1044693557630538 -3.1489372880335313 0.44505292581756239 -0.76535363276284207 0.29062653250334619 -0.58825171922222363 -1.8363690557070145 -2.0469238605410096 -1.5669968047158831
 -1.6855008614971458 -1.3461155218444849 0.072986737429100487 1.1949961320396529 1.7093729314173185 0.88602629168610392 2.4603927078188366 -2.2877193047968873 0.73344337781465108 0.12594925549283251 -1.7552264010328462 -2.2110766963918302 0.096391508913863583 -1.9808949384865184 -2.1123199098402754 -1.6159506828602648 -1.2034781616053654 -2.9851030620518419 -2.8903002524309307 1.3697431516305967 2.1201900847422355 -1.0082091794911097 -1.4778799071890354 -0.86717108409297805 2.4418200929285039 0.29286442943462732
 -0.6428876706430614 0.89023705973794043 -1.7118249635475327 -1.9190770928034766 -1.7276547475263395 1.1969537582460625 -3.1381309634792842 -3.0653214939976405 1.7376363179248402 -1.0200366611278457 0.79368157043481302 -0.39068959031765876 0.74620213519719747 2.0238241840667719 1.2794110347599876 -2.0419402180540733 -0.61267897477590827 -0.52972487061836959 -2.0603931124283967 -1.8839793579450383 -0.42736029900367195 -3.2259771410420481 3.6877370296410623 1.6991704122940638 -0.0029576191128219188 0.326745301764855
 -1.9021858961247202 -2.8087259109785023 1.7185666032166516 -3.357019503489719 2.9192690244479973 -3.6405476732876352 0.7405765533621198 0.93799020845841974 1.3246499628176938 2.1495044221697919 0.9746371702277814 -0.49244881631612675 -3.275727325435752 2.3604705978445293 -2.48106804171133 -2.7026612151899783 -0.49818777525459668 -1.1182782962923916 1.9901332072133939 -3.5052806753539003 -1.77229428282098 -0.48473219686497815 -0.31359846443835526 -3.1724969102729448 0.037163265320491121 -0.94645324208007486
 -1.7677623361863222 -0.77457929572205597 0.47809875127828422 -0.85829261365654885 1.2085838769346462 -1.9845075858300398 -1.4551189858151417 -2.0659755572831759 -1.7941543185301834 -2.8622728301822473 -3.4271058808459407 -1.4687671347187339 -1.0162995855800452 -1.4463740854770883 1.5931262860941944 1.7485353916666746 -1.2580294293708665 3.0608159761842226 0.44667928605389268 1.4694147317455994 -4.4733359614978783 1.7095426607650273 -1.4483717143558352 -2.4808280742549398 3.1017888108430314 0.59199713515738506
 -1.6599635155961618 -0.92721667757008819 0.67268534347356557 -2.0632913204739642 -2.73280211485661 -2.481542169506362 1.5713365803815564 1.0004560537867802 0.99261135968991665 -2.4416463152989425 0.068987187415681925 -2.8712972344677943 0.7444957481776332 -2.7796304393738978 -1.96869819527862 1.2359860278996291 -0.31363531907195868 0.95122198775574096 -2.214020371657285 -1.395646859540711 0.64069822561896395 1.0335180624297486 0.68490548251272354 1.7953995643115626 -0.2380756046921641 -1.9187078984541852


