# Created by Octave 6.2.0, Mon Jul 19 17:38:25 2021 GMT <unknown@New-Sunny-Laptop>
# name: Theta2
# type: matrix
# rows: 10
# columns: 26
 -1.176501018888763 -0.57183367292503851 0.69668748387910995 -0.52480260310195082 1.0718200945719432 -1.9894432759588867 -2.6776398137442179 1.4248098672217011 0.1675700988616102 -0.56780861547496397 -0.0199482301586855 -1.7734962084274828 0.6759201763221202 -0.32966939589776567 1.1545158535253621 1.0746915849739209 -1.3533433108069353 1.3290542710992452 2.1379362398840214 1.2450299392733357 -0.63867970682952169 -3.6662870458116958 1.0707054477242055 0.14565611368679893 -2.4444983758513148 -3.5765177455472634
 -0.93923965116761721 -1.5937620234674981 1.5673088933520185 1.3659338168197568 1.8744899092184202 -1.5962726592218686 -2.3973047207810612 2.5392297675707036 -0.57114466620728521 -1.5980763492978556 -0.79569638687390687 -0.93611926431485526 1.1556001956078414 -0.45813037669335904 -2.7551047189307738 -2.6141979144603091 -0.99900890285504163 2.8047280138602191 -3.5919328116471516 -2.0176842778224051 0.25294786621923898 2.4511543487096881 -0.56890815491199898 -3.02915076275813 1.6516408120634367 -1.5168298128380675
 -1.7821703992105566 2.0620047499323042 -1.6401263662105805 -3.3624433153082416 -2.0892117706548476 0.5586281772358338 -2.2992431297089309 -1.6194771215086119 -1.2032135727322737 -4.9222086112970453 -1.9346717438982795 -0.033734861452818392 0.48325408160825828 1.8313630275597013 1.2665491811475258 0.27256225430651992 -1.9752684234685847 2.1833310667949153 1.7905079647442395 -3.054008703679699 -0.63721114590470074 1.952950044575527 -1.5960579933604078 0.78083634588730888 -0.44925533796777339 1.7077398137226898
 -1.7881657276141665 1.9221423589724977 1.9505997566219642 1.0876674978233478 -0.11711110860902235 -4.7480268322643209 0.73369061401177482 -1.2651310242619649 1.3810946261480337 0.7117935075867946 -0.32920692016489456 2.1375269989646482 1.2936099352535346 0.7692791793056617 -0.60113041248236554 0.55940133450732987 -0.09179149105955485 -1.2922475184271569 0.013962182307874146 -0.016987611464756608 -4.2280105718258518 -0.95740725040526331 -3.396508252558168 -3.2079361913398405 -2.6202984076147025 0.38107346050482549
 -1.0036707710443558 2.3010024746874582 -0.81864118328463298 2.2580185258281156 -2.8772978899987995 -0.081576720350412385 2.4449263695246359 0.68205982207340787 -2.947743979033973 3.2009661303918202 -3.4354796797403977 0.48569959112946576 1.0488314200585702 -2.2220220980721384 2.8582506747336267 -3.6388540719270939 -4.0789462290705343 -0.12430915158871401 -0.79902410502959698 1.8880846424929261 -2.6426457620903694 -3.2569039493884127 0.76295929789716865 0.95709047599797381 0.36111476507936852 -0.38273436317812043
 -1.264676914097409 -0.61508875057220558 1.2554376810163861 0.04487577632421634 -1.0373413798468862 -2.7082116440645971 0.75157167795149205 -0.8687127947634008 -1.304853446675321 -0.40408592896300888 2.5880848206638341 -2.9833149219310835 -0.29636290113826441 0.85579662718248029 -2.2885634601385649 -2.5368995714974258 1.7320727417984694 -3.0069489317924334 -0.64359359627228108 -2.1037332703379481 1.3571517814646104 -1.7988063819824676 1.812871500473251 2.4633206186930501 -2.9116628829477627 -1.007749590526591
 -1.1080773035744134 -0.78061442783383439 -0.91029936597851779 -3.3100957272516642 -2.1655035541099537 1.0617910717769816 -0.42663505799761386 2.9803539072617196 -1.438280719179089 -0.94468493259771336 0.59118292380276516 -1.2700913189026026 -1.9407438364302754 1.5868276125698961 0.8538276575241851 1.3337302783498117 1.4816128036130991 0.051674156783098543 -3.0191532299868924 2.9734537113212895 -2.0700811024963679 0.97232350169359449 -2.8316869951649917 0.16708816269046739 1.4586824301380368 -1.383580448476017
 -1.1414430686932588 -4.008385161768274 0.26502465758785415 1.7938083550161874 -2.9310253212423314 2.3609087207917678 1.5909651830874665 -1.8929693272691448 2.9429254837518952 -2.0837756655204966 -3.9797560529075851 -2.2596964608280787 -1.7914384964362289 -2.3874223212334438 -1.5151399958936751 2.7387756866149373 -1.9917145057016534 -2.7788208172522642 1.2670627798075131 -2.4948769923428187 -1.1006763776998674 0.25239591857113441 1.4473854427874489 -1.6550837194707877 -0.08272794819854859 -1.1162573810571181
 -1.7483161937218525 -0.80150707616035022 -4.1568977438731762 1.2256552771951166 -0.19603976327964823 1.2964769194563945 -3.6720841578223213 -3.7823379610760099 0.58672112583109448 1.3323030536614744 3.2732819558185575 0.13835381336857658 -3.2804165345062706 -1.7434513667365186 0.011605348485328964 -0.50990846482028218 -0.95034828004243399 -1.1307113556684572 1.522211323707936 -0.33527335120061391 3.1343357187895964 -1.1608294272472848 -1.8048876963274754 -1.3546027717931663 -3.2914966021435457 1.6713975421185583
 -1.8619560806558328 -0.46197403916176688 -2.0277279516763707 -2.8869504077910668 3.1524238466993464 0.42445892501499916 1.9091817456980633 -1.9311585287825044 -1.6008656635886349 0.57775359899628753 -1.1444100189168025 0.42729967532295665 -0.91539936329958227 -2.1608262063940233 -2.1923392698339157 -1.5152653180462783 1.713728039599367 -1.9306243907972642 -0.92414104712130507 -1.4990540044512262 0.4995303524482822 -0.41492275059504102 -1.6136956529851401 1.2548377628971519 1.2189253791079797 0.23635532206772236


